-664.905 -1635.89 -257.252
-10.5492 -1635.89 -257.252
-1319.26 -327.178 -257.252
-664.905 -981.534 -257.252
-10.5492 -981.534 -257.252
-664.905 -327.178 -257.252
-10.5492 -327.178 -257.252
643.807 -981.534 -257.252
643.807 -327.178 -257.252
1298.16 -327.178 -257.252
1952.52 -327.178 -257.252
-1319.26 327.178 -257.252
-664.905 327.178 -257.252
-10.5492 327.178 -257.252
-664.905 981.534 -257.252
-10.5492 981.534 -257.252
-664.905 1635.89 -257.252
-10.5492 1635.89 -257.252
643.807 327.178 -257.252
1298.16 327.178 -257.252
643.807 981.534 -257.252
1952.52 327.178 -257.252
-664.905 -1635.89 397.103
-10.5492 -1635.89 397.103
-1319.26 -327.178 397.103
-664.905 -981.534 397.103
-10.5492 -981.534 397.103
-664.905 -327.178 397.103
-10.5492 -327.178 397.103
643.807 -327.178 397.103
1298.16 -327.178 397.103
1952.52 -327.178 397.103
-1319.26 327.178 397.103
-664.905 327.178 397.103
-10.5492 327.178 397.103
-664.905 981.534 397.103
-10.5492 981.534 397.103
-664.905 1635.89 397.103
-10.5492 1635.89 397.103
643.807 327.178 397.103
1298.16 327.178 397.103
1952.52 327.178 397.103
