-501.316 -1472.3 -93.6635
-174.138 -1472.3 -93.6635
-1155.67 -490.767 -93.6635
-1155.67 -163.589 -93.6635
-501.316 -1145.12 -93.6635
-501.316 -817.945 -93.6635
-174.138 -1145.12 -93.6635
153.04 -1145.12 -93.6635
-174.138 -817.945 -93.6635
153.04 -817.945 -93.6635
-828.494 -490.767 -93.6635
-501.316 -490.767 -93.6635
-828.494 -163.589 -93.6635
-501.316 -163.589 -93.6635
-174.138 -490.767 -93.6635
153.04 -490.767 -93.6635
-174.138 -163.589 -93.6635
153.04 -163.589 -93.6635
480.218 -817.945 -93.6635
480.218 -490.767 -93.6635
480.218 -163.589 -93.6635
807.396 -163.589 -93.6635
1134.57 -163.589 -93.6635
1461.75 -163.589 -93.6635
1788.93 -163.589 -93.6635
-1155.67 163.589 -93.6635
-1155.67 490.767 -93.6635
-828.494 163.589 -93.6635
-501.316 163.589 -93.6635
-828.494 490.767 -93.6635
-501.316 490.767 -93.6635
-174.138 163.589 -93.6635
153.04 163.589 -93.6635
-174.138 490.767 -93.6635
153.04 490.767 -93.6635
-501.316 817.945 -93.6635
-501.316 1145.12 -93.6635
-174.138 817.945 -93.6635
153.04 817.945 -93.6635
-174.138 1145.12 -93.6635
153.04 1145.12 -93.6635
-501.316 1472.3 -93.6635
-174.138 1472.3 -93.6635
480.218 163.589 -93.6635
807.396 163.589 -93.6635
480.218 490.767 -93.6635
1134.57 163.589 -93.6635
1461.75 163.589 -93.6635
480.218 817.945 -93.6635
1788.93 163.589 -93.6635
-501.316 -1472.3 233.514
-174.138 -1472.3 233.514
-1155.67 -490.767 233.514
-1155.67 -163.589 233.514
-501.316 -1145.12 233.514
-174.138 -1145.12 233.514
-828.494 -490.767 233.514
-828.494 -163.589 233.514
-501.316 -163.589 233.514
-174.138 -163.589 233.514
153.04 -163.589 233.514
480.218 -163.589 233.514
807.396 -163.589 233.514
1134.57 -163.589 233.514
1461.75 -163.589 233.514
1788.93 -163.589 233.514
-1155.67 163.589 233.514
-1155.67 490.767 233.514
-828.494 163.589 233.514
-501.316 163.589 233.514
-828.494 490.767 233.514
-174.138 163.589 233.514
153.04 163.589 233.514
-501.316 1145.12 233.514
-174.138 1145.12 233.514
-501.316 1472.3 233.514
-174.138 1472.3 233.514
480.218 163.589 233.514
807.396 163.589 233.514
1134.57 163.589 233.514
1461.75 163.589 233.514
1788.93 163.589 233.514
