-542.213 -1349.61 29.0282
-460.419 -1431.4 29.0282
-378.624 -1431.4 29.0282
-460.419 -1349.61 29.0282
-378.624 -1349.61 29.0282
-296.83 -1431.4 29.0282
-215.035 -1431.4 29.0282
-296.83 -1349.61 29.0282
-215.035 -1349.61 29.0282
-133.241 -1431.4 29.0282
-133.241 -1349.61 29.0282
-51.4464 -1349.61 29.0282
-1196.57 -449.87 -134.561
-1114.77 -449.87 -134.561
-1032.98 -449.87 -134.561
-1278.36 -449.87 -52.7663
-1196.57 -449.87 -52.7663
-1196.57 -368.075 -52.7663
-1278.36 -449.87 29.0282
-1196.57 -449.87 29.0282
-1114.77 -449.87 -52.7663
-1032.98 -449.87 -52.7663
-1114.77 -368.075 -52.7663
-1032.98 -368.075 -52.7663
-1114.77 -449.87 29.0282
-1032.98 -449.87 29.0282
-1114.77 -368.075 29.0282
-1032.98 -368.075 29.0282
-1196.57 -286.281 -52.7663
-1196.57 -204.486 -52.7663
-1114.77 -286.281 -52.7663
-1032.98 -286.281 -52.7663
-1114.77 -204.486 -52.7663
-1032.98 -204.486 -52.7663
-1032.98 -286.281 29.0282
-1032.98 -204.486 29.0282
-1196.57 -122.692 -52.7663
-1196.57 -40.8973 -52.7663
-1114.77 -122.692 -52.7663
-1032.98 -122.692 -52.7663
-1114.77 -40.8973 -52.7663
-1032.98 -40.8973 -52.7663
-1032.98 -122.692 29.0282
-1032.98 -40.8973 29.0282
-460.419 -1267.81 29.0282
-378.624 -1267.81 29.0282
-460.419 -1186.02 29.0282
-378.624 -1186.02 29.0282
-378.624 -1104.23 29.0282
-378.624 -1022.43 29.0282
-378.624 -940.637 29.0282
-378.624 -858.842 29.0282
-378.624 -777.048 29.0282
-378.624 -695.253 29.0282
-215.035 -1186.02 -52.7663
-296.83 -1267.81 29.0282
-215.035 -1267.81 29.0282
-296.83 -1186.02 29.0282
-215.035 -1186.02 29.0282
-133.241 -1186.02 -52.7663
-51.4464 -1186.02 -52.7663
-133.241 -1267.81 29.0282
-51.4464 -1267.81 29.0282
-133.241 -1186.02 29.0282
-51.4464 -1186.02 29.0282
-215.035 -1104.23 -52.7663
-215.035 -1022.43 -52.7663
-296.83 -1104.23 29.0282
-215.035 -1104.23 29.0282
-296.83 -1022.43 29.0282
-215.035 -1022.43 29.0282
-133.241 -1104.23 -52.7663
-51.4464 -1104.23 -52.7663
-133.241 -1022.43 -52.7663
-51.4464 -1022.43 -52.7663
-133.241 -1104.23 29.0282
-51.4464 -1104.23 29.0282
-133.241 -1022.43 29.0282
-51.4464 -1022.43 29.0282
30.3481 -1186.02 -52.7663
30.3481 -1186.02 29.0282
30.3481 -1104.23 -52.7663
30.3481 -1022.43 -52.7663
112.143 -1022.43 -52.7663
30.3481 -1104.23 29.0282
112.143 -1104.23 29.0282
30.3481 -1022.43 29.0282
112.143 -1022.43 29.0282
-215.035 -940.637 -52.7663
-296.83 -858.842 -52.7663
-215.035 -858.842 -52.7663
-296.83 -940.637 29.0282
-215.035 -940.637 29.0282
-296.83 -858.842 29.0282
-215.035 -858.842 29.0282
-133.241 -940.637 -52.7663
-51.4464 -940.637 -52.7663
-133.241 -858.842 -52.7663
-51.4464 -858.842 -52.7663
-133.241 -940.637 29.0282
-51.4464 -940.637 29.0282
-133.241 -858.842 29.0282
-51.4464 -858.842 29.0282
-296.83 -777.048 -52.7663
-215.035 -777.048 -52.7663
-296.83 -695.253 -52.7663
-215.035 -695.253 -52.7663
-296.83 -777.048 29.0282
-215.035 -777.048 29.0282
-296.83 -695.253 29.0282
-215.035 -695.253 29.0282
-133.241 -777.048 -52.7663
-51.4464 -777.048 -52.7663
-133.241 -695.253 -52.7663
-51.4464 -695.253 -52.7663
-133.241 -777.048 29.0282
-51.4464 -777.048 29.0282
-133.241 -695.253 29.0282
-51.4464 -695.253 29.0282
30.3481 -940.637 -52.7663
112.143 -940.637 -52.7663
30.3481 -858.842 -52.7663
112.143 -858.842 -52.7663
30.3481 -940.637 29.0282
112.143 -940.637 29.0282
30.3481 -858.842 29.0282
112.143 -858.842 29.0282
193.937 -940.637 -52.7663
193.937 -858.842 -52.7663
193.937 -940.637 29.0282
193.937 -858.842 29.0282
30.3481 -777.048 -52.7663
112.143 -777.048 -52.7663
30.3481 -695.253 -52.7663
112.143 -695.253 -52.7663
30.3481 -777.048 29.0282
112.143 -777.048 29.0282
30.3481 -695.253 29.0282
112.143 -695.253 29.0282
193.937 -777.048 -52.7663
275.732 -777.048 -52.7663
193.937 -695.253 -52.7663
275.732 -695.253 -52.7663
193.937 -777.048 29.0282
275.732 -777.048 29.0282
193.937 -695.253 29.0282
275.732 -695.253 29.0282
-951.186 -449.87 -134.561
-869.391 -449.87 -134.561
-787.597 -449.87 -134.561
-951.186 -449.87 -52.7663
-869.391 -449.87 -52.7663
-951.186 -368.075 -52.7663
-869.391 -368.075 -52.7663
-951.186 -449.87 29.0282
-869.391 -449.87 29.0282
-951.186 -368.075 29.0282
-869.391 -368.075 29.0282
-787.597 -449.87 -52.7663
-705.802 -449.87 -52.7663
-787.597 -368.075 -52.7663
-705.802 -368.075 -52.7663
-787.597 -449.87 29.0282
-705.802 -449.87 29.0282
-787.597 -368.075 29.0282
-705.802 -368.075 29.0282
-378.624 -531.664 -52.7663
-460.419 -613.459 29.0282
-378.624 -613.459 29.0282
-460.419 -531.664 29.0282
-378.624 -531.664 29.0282
-624.008 -449.87 -52.7663
-542.213 -449.87 -52.7663
-624.008 -368.075 -52.7663
-542.213 -368.075 -52.7663
-624.008 -449.87 29.0282
-542.213 -449.87 29.0282
-624.008 -368.075 29.0282
-542.213 -368.075 29.0282
-460.419 -449.87 -52.7663
-378.624 -449.87 -52.7663
-460.419 -368.075 -52.7663
-378.624 -368.075 -52.7663
-460.419 -449.87 29.0282
-378.624 -449.87 29.0282
-460.419 -368.075 29.0282
-378.624 -368.075 29.0282
-951.186 -286.281 -52.7663
-869.391 -286.281 -52.7663
-951.186 -204.486 -52.7663
-869.391 -204.486 -52.7663
-951.186 -286.281 29.0282
-869.391 -286.281 29.0282
-951.186 -204.486 29.0282
-869.391 -204.486 29.0282
-787.597 -286.281 -52.7663
-705.802 -286.281 -52.7663
-787.597 -204.486 -52.7663
-705.802 -204.486 -52.7663
-787.597 -286.281 29.0282
-705.802 -286.281 29.0282
-787.597 -204.486 29.0282
-705.802 -204.486 29.0282
-951.186 -122.692 -52.7663
-869.391 -122.692 -52.7663
-951.186 -40.8973 -52.7663
-869.391 -40.8973 -52.7663
-951.186 -122.692 29.0282
-869.391 -122.692 29.0282
-951.186 -40.8973 29.0282
-869.391 -40.8973 29.0282
-787.597 -122.692 -52.7663
-705.802 -122.692 -52.7663
-787.597 -40.8973 -52.7663
-705.802 -40.8973 -52.7663
-787.597 -122.692 29.0282
-705.802 -122.692 29.0282
-787.597 -40.8973 29.0282
-705.802 -40.8973 29.0282
-542.213 -122.692 -134.561
-624.008 -40.8973 -134.561
-542.213 -40.8973 -134.561
-460.419 -122.692 -134.561
-378.624 -122.692 -134.561
-460.419 -40.8973 -134.561
-378.624 -40.8973 -134.561
-624.008 -286.281 -52.7663
-542.213 -286.281 -52.7663
-624.008 -204.486 -52.7663
-542.213 -204.486 -52.7663
-624.008 -286.281 29.0282
-542.213 -286.281 29.0282
-624.008 -204.486 29.0282
-542.213 -204.486 29.0282
-460.419 -286.281 -52.7663
-378.624 -286.281 -52.7663
-460.419 -204.486 -52.7663
-378.624 -204.486 -52.7663
-460.419 -286.281 29.0282
-378.624 -286.281 29.0282
-460.419 -204.486 29.0282
-378.624 -204.486 29.0282
-624.008 -122.692 -52.7663
-542.213 -122.692 -52.7663
-624.008 -40.8973 -52.7663
-624.008 -122.692 29.0282
-542.213 -122.692 29.0282
-624.008 -40.8973 29.0282
-542.213 -40.8973 29.0282
-460.419 -122.692 -52.7663
-378.624 -122.692 -52.7663
-460.419 -122.692 29.0282
-378.624 -122.692 29.0282
-460.419 -40.8973 29.0282
-378.624 -40.8973 29.0282
-296.83 -613.459 -52.7663
-215.035 -613.459 -52.7663
-296.83 -531.664 -52.7663
-215.035 -531.664 -52.7663
-296.83 -613.459 29.0282
-215.035 -613.459 29.0282
-296.83 -531.664 29.0282
-215.035 -531.664 29.0282
-133.241 -613.459 -52.7663
-51.4464 -613.459 -52.7663
-133.241 -531.664 -52.7663
-51.4464 -531.664 -52.7663
-133.241 -613.459 29.0282
-51.4464 -613.459 29.0282
-133.241 -531.664 29.0282
-51.4464 -531.664 29.0282
-296.83 -449.87 -52.7663
-215.035 -449.87 -52.7663
-296.83 -368.075 -52.7663
-215.035 -368.075 -52.7663
-296.83 -449.87 29.0282
-215.035 -449.87 29.0282
-296.83 -368.075 29.0282
-215.035 -368.075 29.0282
-133.241 -449.87 -52.7663
-51.4464 -449.87 -52.7663
-133.241 -368.075 -52.7663
-51.4464 -368.075 -52.7663
-133.241 -449.87 29.0282
-51.4464 -449.87 29.0282
-133.241 -368.075 29.0282
-51.4464 -368.075 29.0282
30.3481 -613.459 -52.7663
112.143 -613.459 -52.7663
30.3481 -531.664 -52.7663
112.143 -531.664 -52.7663
30.3481 -613.459 29.0282
112.143 -613.459 29.0282
30.3481 -531.664 29.0282
112.143 -531.664 29.0282
193.937 -613.459 -52.7663
275.732 -613.459 -52.7663
193.937 -531.664 -52.7663
275.732 -531.664 -52.7663
193.937 -613.459 29.0282
275.732 -613.459 29.0282
193.937 -531.664 29.0282
275.732 -531.664 29.0282
30.3481 -449.87 -52.7663
112.143 -449.87 -52.7663
30.3481 -368.075 -52.7663
112.143 -368.075 -52.7663
30.3481 -449.87 29.0282
112.143 -449.87 29.0282
30.3481 -368.075 29.0282
112.143 -368.075 29.0282
193.937 -449.87 -52.7663
275.732 -449.87 -52.7663
193.937 -368.075 -52.7663
275.732 -368.075 -52.7663
193.937 -449.87 29.0282
275.732 -449.87 29.0282
193.937 -368.075 29.0282
275.732 -368.075 29.0282
-296.83 -122.692 -134.561
-215.035 -122.692 -134.561
-296.83 -40.8973 -134.561
-215.035 -40.8973 -134.561
-133.241 -122.692 -134.561
-51.4464 -122.692 -134.561
-133.241 -40.8973 -134.561
-51.4464 -40.8973 -134.561
-296.83 -286.281 -52.7663
-215.035 -286.281 -52.7663
-296.83 -204.486 -52.7663
-215.035 -204.486 -52.7663
-296.83 -286.281 29.0282
-215.035 -286.281 29.0282
-296.83 -204.486 29.0282
-215.035 -204.486 29.0282
-133.241 -286.281 -52.7663
-51.4464 -286.281 -52.7663
-133.241 -204.486 -52.7663
-51.4464 -204.486 -52.7663
-133.241 -286.281 29.0282
-51.4464 -286.281 29.0282
-133.241 -204.486 29.0282
-51.4464 -204.486 29.0282
-296.83 -122.692 -52.7663
-215.035 -122.692 -52.7663
-296.83 -122.692 29.0282
-215.035 -122.692 29.0282
-133.241 -122.692 -52.7663
-51.4464 -122.692 -52.7663
-133.241 -122.692 29.0282
-51.4464 -122.692 29.0282
30.3481 -122.692 -134.561
112.143 -122.692 -134.561
30.3481 -40.8973 -134.561
112.143 -40.8973 -134.561
193.937 -122.692 -134.561
275.732 -122.692 -134.561
193.937 -40.8973 -134.561
275.732 -40.8973 -134.561
30.3481 -286.281 -52.7663
112.143 -286.281 -52.7663
30.3481 -204.486 -52.7663
112.143 -204.486 -52.7663
30.3481 -286.281 29.0282
112.143 -286.281 29.0282
30.3481 -204.486 29.0282
112.143 -204.486 29.0282
193.937 -286.281 -52.7663
275.732 -286.281 -52.7663
193.937 -204.486 -52.7663
275.732 -204.486 -52.7663
193.937 -286.281 29.0282
275.732 -286.281 29.0282
193.937 -204.486 29.0282
275.732 -204.486 29.0282
30.3481 -122.692 -52.7663
112.143 -122.692 -52.7663
30.3481 -122.692 29.0282
112.143 -122.692 29.0282
193.937 -122.692 -52.7663
275.732 -122.692 -52.7663
193.937 -122.692 29.0282
275.732 -122.692 29.0282
357.526 -695.253 -52.7663
357.526 -695.253 29.0282
357.526 -613.459 -52.7663
357.526 -531.664 -52.7663
439.32 -531.664 -52.7663
357.526 -613.459 29.0282
357.526 -531.664 29.0282
439.32 -531.664 29.0282
521.115 -531.664 -52.7663
521.115 -531.664 29.0282
357.526 -449.87 -52.7663
439.32 -449.87 -52.7663
357.526 -368.075 -52.7663
439.32 -368.075 -52.7663
357.526 -449.87 29.0282
439.32 -449.87 29.0282
357.526 -368.075 29.0282
439.32 -368.075 29.0282
521.115 -449.87 -52.7663
521.115 -368.075 -52.7663
521.115 -449.87 29.0282
521.115 -368.075 29.0282
357.526 -122.692 -134.561
439.32 -122.692 -134.561
357.526 -40.8973 -134.561
439.32 -40.8973 -134.561
521.115 -122.692 -134.561
602.909 -122.692 -134.561
521.115 -40.8973 -134.561
602.909 -40.8973 -134.561
357.526 -286.281 -52.7663
439.32 -286.281 -52.7663
357.526 -204.486 -52.7663
439.32 -204.486 -52.7663
357.526 -286.281 29.0282
439.32 -286.281 29.0282
357.526 -204.486 29.0282
439.32 -204.486 29.0282
521.115 -286.281 -52.7663
602.909 -286.281 -52.7663
521.115 -204.486 -52.7663
602.909 -204.486 -52.7663
521.115 -286.281 29.0282
602.909 -286.281 29.0282
521.115 -204.486 29.0282
602.909 -204.486 29.0282
357.526 -122.692 -52.7663
439.32 -122.692 -52.7663
357.526 -122.692 29.0282
439.32 -122.692 29.0282
521.115 -122.692 -52.7663
602.909 -122.692 -52.7663
521.115 -122.692 29.0282
602.909 -122.692 29.0282
684.704 -122.692 -134.561
766.498 -122.692 -134.561
684.704 -40.8973 -134.561
766.498 -40.8973 -134.561
848.293 -122.692 -134.561
930.087 -122.692 -134.561
848.293 -40.8973 -134.561
930.087 -40.8973 -134.561
684.704 -204.486 -52.7663
766.498 -204.486 -52.7663
684.704 -204.486 29.0282
766.498 -204.486 29.0282
848.293 -204.486 -52.7663
930.087 -204.486 -52.7663
848.293 -204.486 29.0282
930.087 -204.486 29.0282
684.704 -122.692 -52.7663
766.498 -122.692 -52.7663
684.704 -122.692 29.0282
766.498 -122.692 29.0282
848.293 -122.692 -52.7663
930.087 -122.692 -52.7663
930.087 -40.8973 -52.7663
848.293 -122.692 29.0282
930.087 -122.692 29.0282
1011.88 -122.692 -134.561
1093.68 -122.692 -134.561
1011.88 -40.8973 -134.561
1093.68 -40.8973 -134.561
1175.47 -122.692 -134.561
1257.27 -122.692 -134.561
1175.47 -40.8973 -134.561
1257.27 -40.8973 -134.561
1011.88 -204.486 -52.7663
1093.68 -204.486 -52.7663
1011.88 -204.486 29.0282
1093.68 -204.486 29.0282
1175.47 -204.486 -52.7663
1257.27 -204.486 -52.7663
1175.47 -204.486 29.0282
1257.27 -204.486 29.0282
1011.88 -122.692 -52.7663
1093.68 -122.692 -52.7663
1093.68 -40.8973 -52.7663
1011.88 -122.692 29.0282
1093.68 -122.692 29.0282
1175.47 -122.692 -52.7663
1257.27 -122.692 -52.7663
1175.47 -122.692 29.0282
1257.27 -122.692 29.0282
1339.06 -122.692 -134.561
1420.85 -122.692 -134.561
1339.06 -40.8973 -134.561
1420.85 -40.8973 -134.561
1502.65 -122.692 -134.561
1584.44 -122.692 -134.561
1502.65 -40.8973 -134.561
1584.44 -40.8973 -134.561
1339.06 -204.486 -52.7663
1420.85 -204.486 -52.7663
1339.06 -204.486 29.0282
1420.85 -204.486 29.0282
1502.65 -204.486 -52.7663
1584.44 -204.486 -52.7663
1502.65 -204.486 29.0282
1584.44 -204.486 29.0282
1339.06 -122.692 -52.7663
1420.85 -122.692 -52.7663
1339.06 -122.692 29.0282
1420.85 -122.692 29.0282
1502.65 -122.692 -52.7663
1584.44 -122.692 -52.7663
1502.65 -122.692 29.0282
1584.44 -122.692 29.0282
1666.24 -122.692 -134.561
1666.24 -40.8973 -134.561
1748.03 -40.8973 -134.561
1666.24 -204.486 -52.7663
1666.24 -204.486 29.0282
1748.03 -204.486 29.0282
1666.24 -122.692 -52.7663
1748.03 -122.692 -52.7663
1666.24 -40.8973 -52.7663
1748.03 -40.8973 -52.7663
1666.24 -122.692 29.0282
1748.03 -122.692 29.0282
1829.83 -122.692 -52.7663
1829.83 -40.8973 -52.7663
1911.62 -40.8973 -52.7663
1829.83 -122.692 29.0282
1829.83 -40.8973 29.0282
1911.62 -40.8973 29.0282
-1196.57 40.8972 -52.7663
-1196.57 122.692 -52.7663
-1114.77 40.8972 -52.7663
-1032.98 40.8972 -52.7663
-1114.77 122.692 -52.7663
-1032.98 122.692 -52.7663
-1032.98 40.8972 29.0282
-1032.98 122.692 29.0282
-1196.57 204.486 -52.7663
-1196.57 286.281 -52.7663
-1114.77 204.486 -52.7663
-1032.98 204.486 -52.7663
-1114.77 286.281 -52.7663
-1032.98 286.281 -52.7663
-1032.98 204.486 29.0282
-1032.98 286.281 29.0282
-1196.57 449.87 -134.561
-1114.77 449.87 -134.561
-1032.98 449.87 -134.561
-1196.57 368.075 -52.7663
-1278.36 449.87 -52.7663
-1196.57 449.87 -52.7663
-1278.36 449.87 29.0282
-1196.57 449.87 29.0282
-1114.77 368.075 -52.7663
-1032.98 368.075 -52.7663
-1114.77 449.87 -52.7663
-1032.98 449.87 -52.7663
-1114.77 368.075 29.0282
-1032.98 368.075 29.0282
-1114.77 449.87 29.0282
-1032.98 449.87 29.0282
-951.186 40.8972 -52.7663
-869.391 40.8972 -52.7663
-951.186 122.692 -52.7663
-869.391 122.692 -52.7663
-951.186 40.8972 29.0282
-869.391 40.8972 29.0282
-951.186 122.692 29.0282
-869.391 122.692 29.0282
-787.597 40.8972 -52.7663
-705.802 40.8972 -52.7663
-787.597 122.692 -52.7663
-705.802 122.692 -52.7663
-787.597 40.8972 29.0282
-705.802 40.8972 29.0282
-787.597 122.692 29.0282
-705.802 122.692 29.0282
-951.186 204.486 -52.7663
-869.391 204.486 -52.7663
-951.186 286.281 -52.7663
-869.391 286.281 -52.7663
-951.186 204.486 29.0282
-869.391 204.486 29.0282
-951.186 286.281 29.0282
-869.391 286.281 29.0282
-787.597 204.486 -52.7663
-705.802 204.486 -52.7663
-787.597 286.281 -52.7663
-705.802 286.281 -52.7663
-787.597 204.486 29.0282
-705.802 204.486 29.0282
-787.597 286.281 29.0282
-705.802 286.281 29.0282
-624.008 40.8972 -134.561
-542.213 40.8972 -134.561
-542.213 122.692 -134.561
-460.419 40.8972 -134.561
-378.624 40.8972 -134.561
-460.419 122.692 -134.561
-378.624 122.692 -134.561
-624.008 40.8972 -52.7663
-624.008 122.692 -52.7663
-542.213 122.692 -52.7663
-624.008 40.8972 29.0282
-542.213 40.8972 29.0282
-624.008 122.692 29.0282
-542.213 122.692 29.0282
-460.419 122.692 -52.7663
-378.624 122.692 -52.7663
-460.419 40.8972 29.0282
-378.624 40.8972 29.0282
-460.419 122.692 29.0282
-378.624 122.692 29.0282
-624.008 204.486 -52.7663
-542.213 204.486 -52.7663
-624.008 286.281 -52.7663
-542.213 286.281 -52.7663
-624.008 204.486 29.0282
-542.213 204.486 29.0282
-624.008 286.281 29.0282
-542.213 286.281 29.0282
-460.419 204.486 -52.7663
-378.624 204.486 -52.7663
-460.419 286.281 -52.7663
-378.624 286.281 -52.7663
-460.419 204.486 29.0282
-378.624 204.486 29.0282
-460.419 286.281 29.0282
-378.624 286.281 29.0282
-951.186 449.87 -134.561
-869.391 449.87 -134.561
-787.597 449.87 -134.561
-951.186 368.075 -52.7663
-869.391 368.075 -52.7663
-951.186 449.87 -52.7663
-869.391 449.87 -52.7663
-951.186 368.075 29.0282
-869.391 368.075 29.0282
-951.186 449.87 29.0282
-869.391 449.87 29.0282
-787.597 368.075 -52.7663
-705.802 368.075 -52.7663
-787.597 449.87 -52.7663
-705.802 449.87 -52.7663
-787.597 368.075 29.0282
-705.802 368.075 29.0282
-787.597 449.87 29.0282
-705.802 449.87 29.0282
-624.008 368.075 -52.7663
-542.213 368.075 -52.7663
-624.008 449.87 -52.7663
-542.213 449.87 -52.7663
-624.008 368.075 29.0282
-542.213 368.075 29.0282
-624.008 449.87 29.0282
-542.213 449.87 29.0282
-460.419 368.075 -52.7663
-378.624 368.075 -52.7663
-460.419 449.87 -52.7663
-378.624 449.87 -52.7663
-460.419 368.075 29.0282
-378.624 368.075 29.0282
-460.419 449.87 29.0282
-378.624 449.87 29.0282
-378.624 531.664 -52.7663
-460.419 531.664 29.0282
-378.624 531.664 29.0282
-460.419 613.459 29.0282
-378.624 613.459 29.0282
-296.83 40.8972 -134.561
-215.035 40.8972 -134.561
-296.83 122.692 -134.561
-215.035 122.692 -134.561
-133.241 40.8972 -134.561
-51.4464 40.8972 -134.561
-133.241 122.692 -134.561
-51.4464 122.692 -134.561
-296.83 122.692 -52.7663
-215.035 122.692 -52.7663
-296.83 122.692 29.0282
-215.035 122.692 29.0282
-133.241 122.692 -52.7663
-51.4464 122.692 -52.7663
-133.241 122.692 29.0282
-51.4464 122.692 29.0282
-296.83 204.486 -52.7663
-215.035 204.486 -52.7663
-296.83 286.281 -52.7663
-215.035 286.281 -52.7663
-296.83 204.486 29.0282
-215.035 204.486 29.0282
-296.83 286.281 29.0282
-215.035 286.281 29.0282
-133.241 204.486 -52.7663
-51.4464 204.486 -52.7663
-133.241 286.281 -52.7663
-51.4464 286.281 -52.7663
-133.241 204.486 29.0282
-51.4464 204.486 29.0282
-133.241 286.281 29.0282
-51.4464 286.281 29.0282
30.3481 40.8972 -134.561
112.143 40.8972 -134.561
30.3481 122.692 -134.561
112.143 122.692 -134.561
193.937 40.8972 -134.561
275.732 40.8972 -134.561
193.937 122.692 -134.561
275.732 122.692 -134.561
30.3481 122.692 -52.7663
112.143 122.692 -52.7663
30.3481 122.692 29.0282
112.143 122.692 29.0282
193.937 122.692 -52.7663
275.732 122.692 -52.7663
193.937 122.692 29.0282
275.732 122.692 29.0282
30.3481 204.486 -52.7663
112.143 204.486 -52.7663
30.3481 286.281 -52.7663
112.143 286.281 -52.7663
30.3481 204.486 29.0282
112.143 204.486 29.0282
30.3481 286.281 29.0282
112.143 286.281 29.0282
193.937 204.486 -52.7663
275.732 204.486 -52.7663
193.937 286.281 -52.7663
275.732 286.281 -52.7663
193.937 204.486 29.0282
275.732 204.486 29.0282
193.937 286.281 29.0282
275.732 286.281 29.0282
-296.83 368.075 -52.7663
-215.035 368.075 -52.7663
-296.83 449.87 -52.7663
-215.035 449.87 -52.7663
-296.83 368.075 29.0282
-215.035 368.075 29.0282
-296.83 449.87 29.0282
-215.035 449.87 29.0282
-133.241 368.075 -52.7663
-51.4464 368.075 -52.7663
-133.241 449.87 -52.7663
-51.4464 449.87 -52.7663
-133.241 368.075 29.0282
-51.4464 368.075 29.0282
-133.241 449.87 29.0282
-51.4464 449.87 29.0282
-296.83 531.664 -52.7663
-215.035 531.664 -52.7663
-296.83 613.459 -52.7663
-215.035 613.459 -52.7663
-296.83 531.664 29.0282
-215.035 531.664 29.0282
-296.83 613.459 29.0282
-215.035 613.459 29.0282
-133.241 531.664 -52.7663
-51.4464 531.664 -52.7663
-133.241 613.459 -52.7663
-51.4464 613.459 -52.7663
-133.241 531.664 29.0282
-51.4464 531.664 29.0282
-133.241 613.459 29.0282
-51.4464 613.459 29.0282
30.3481 368.075 -52.7663
112.143 368.075 -52.7663
30.3481 449.87 -52.7663
112.143 449.87 -52.7663
30.3481 368.075 29.0282
112.143 368.075 29.0282
30.3481 449.87 29.0282
112.143 449.87 29.0282
193.937 368.075 -52.7663
275.732 368.075 -52.7663
193.937 449.87 -52.7663
275.732 449.87 -52.7663
193.937 368.075 29.0282
275.732 368.075 29.0282
193.937 449.87 29.0282
275.732 449.87 29.0282
30.3481 531.664 -52.7663
112.143 531.664 -52.7663
30.3481 613.459 -52.7663
112.143 613.459 -52.7663
30.3481 531.664 29.0282
112.143 531.664 29.0282
30.3481 613.459 29.0282
112.143 613.459 29.0282
193.937 531.664 -52.7663
275.732 531.664 -52.7663
193.937 613.459 -52.7663
275.732 613.459 -52.7663
193.937 531.664 29.0282
275.732 531.664 29.0282
193.937 613.459 29.0282
275.732 613.459 29.0282
-378.624 695.253 29.0282
-378.624 777.048 29.0282
-378.624 858.842 29.0282
-378.624 940.637 29.0282
-378.624 1022.43 29.0282
-378.624 1104.23 29.0282
-460.419 1186.02 29.0282
-378.624 1186.02 29.0282
-460.419 1267.81 29.0282
-378.624 1267.81 29.0282
-296.83 695.253 -52.7663
-215.035 695.253 -52.7663
-296.83 777.048 -52.7663
-215.035 777.048 -52.7663
-296.83 695.253 29.0282
-215.035 695.253 29.0282
-296.83 777.048 29.0282
-215.035 777.048 29.0282
-133.241 695.253 -52.7663
-51.4464 695.253 -52.7663
-133.241 777.048 -52.7663
-51.4464 777.048 -52.7663
-133.241 695.253 29.0282
-51.4464 695.253 29.0282
-133.241 777.048 29.0282
-51.4464 777.048 29.0282
-296.83 858.842 -52.7663
-215.035 858.842 -52.7663
-215.035 940.637 -52.7663
-296.83 858.842 29.0282
-215.035 858.842 29.0282
-296.83 940.637 29.0282
-215.035 940.637 29.0282
-133.241 858.842 -52.7663
-51.4464 858.842 -52.7663
-133.241 940.637 -52.7663
-51.4464 940.637 -52.7663
-133.241 858.842 29.0282
-51.4464 858.842 29.0282
-133.241 940.637 29.0282
-51.4464 940.637 29.0282
30.3481 695.253 -52.7663
112.143 695.253 -52.7663
30.3481 777.048 -52.7663
112.143 777.048 -52.7663
30.3481 695.253 29.0282
112.143 695.253 29.0282
30.3481 777.048 29.0282
112.143 777.048 29.0282
193.937 695.253 -52.7663
275.732 695.253 -52.7663
193.937 777.048 -52.7663
275.732 777.048 -52.7663
193.937 695.253 29.0282
275.732 695.253 29.0282
193.937 777.048 29.0282
275.732 777.048 29.0282
30.3481 858.842 -52.7663
112.143 858.842 -52.7663
30.3481 940.637 -52.7663
112.143 940.637 -52.7663
30.3481 858.842 29.0282
112.143 858.842 29.0282
30.3481 940.637 29.0282
112.143 940.637 29.0282
193.937 858.842 -52.7663
193.937 940.637 -52.7663
193.937 858.842 29.0282
275.732 858.842 29.0282
193.937 940.637 29.0282
-215.035 1022.43 -52.7663
-215.035 1104.23 -52.7663
-296.83 1022.43 29.0282
-215.035 1022.43 29.0282
-296.83 1104.23 29.0282
-215.035 1104.23 29.0282
-133.241 1022.43 -52.7663
-51.4464 1022.43 -52.7663
-133.241 1104.23 -52.7663
-51.4464 1104.23 -52.7663
-133.241 1022.43 29.0282
-51.4464 1022.43 29.0282
-133.241 1104.23 29.0282
-51.4464 1104.23 29.0282
-215.035 1186.02 -52.7663
-296.83 1186.02 29.0282
-215.035 1186.02 29.0282
-296.83 1267.81 29.0282
-215.035 1267.81 29.0282
-133.241 1186.02 -52.7663
-51.4464 1186.02 -52.7663
-133.241 1186.02 29.0282
-51.4464 1186.02 29.0282
-133.241 1267.81 29.0282
-51.4464 1267.81 29.0282
30.3481 1022.43 -52.7663
112.143 1022.43 -52.7663
30.3481 1104.23 -52.7663
30.3481 1022.43 29.0282
112.143 1022.43 29.0282
30.3481 1104.23 29.0282
112.143 1104.23 29.0282
30.3481 1186.02 -52.7663
30.3481 1186.02 29.0282
-542.213 1349.61 29.0282
-460.419 1349.61 29.0282
-378.624 1349.61 29.0282
-460.419 1431.4 29.0282
-378.624 1431.4 29.0282
-296.83 1349.61 29.0282
-215.035 1349.61 29.0282
-296.83 1431.4 29.0282
-215.035 1431.4 29.0282
-133.241 1349.61 29.0282
-51.4464 1349.61 29.0282
-133.241 1431.4 29.0282
357.526 40.8972 -134.561
439.32 40.8972 -134.561
357.526 122.692 -134.561
439.32 122.692 -134.561
521.115 40.8972 -134.561
602.909 40.8972 -134.561
521.115 122.692 -134.561
602.909 122.692 -134.561
357.526 122.692 -52.7663
439.32 122.692 -52.7663
357.526 122.692 29.0282
439.32 122.692 29.0282
521.115 122.692 -52.7663
602.909 122.692 -52.7663
521.115 122.692 29.0282
602.909 122.692 29.0282
357.526 204.486 -52.7663
439.32 204.486 -52.7663
357.526 286.281 -52.7663
439.32 286.281 -52.7663
357.526 204.486 29.0282
439.32 204.486 29.0282
357.526 286.281 29.0282
439.32 286.281 29.0282
521.115 204.486 -52.7663
602.909 204.486 -52.7663
521.115 286.281 -52.7663
602.909 286.281 -52.7663
521.115 204.486 29.0282
602.909 204.486 29.0282
521.115 286.281 29.0282
602.909 286.281 29.0282
684.704 40.8972 -134.561
766.498 40.8972 -134.561
684.704 122.692 -134.561
766.498 122.692 -134.561
848.293 40.8972 -134.561
930.087 40.8972 -134.561
848.293 122.692 -134.561
930.087 122.692 -134.561
684.704 122.692 -52.7663
766.498 122.692 -52.7663
684.704 122.692 29.0282
766.498 122.692 29.0282
930.087 40.8972 -52.7663
848.293 122.692 -52.7663
930.087 122.692 -52.7663
848.293 122.692 29.0282
930.087 122.692 29.0282
684.704 204.486 -52.7663
766.498 204.486 -52.7663
684.704 204.486 29.0282
766.498 204.486 29.0282
848.293 204.486 -52.7663
930.087 204.486 -52.7663
848.293 204.486 29.0282
930.087 204.486 29.0282
357.526 368.075 -52.7663
439.32 368.075 -52.7663
357.526 449.87 -52.7663
439.32 449.87 -52.7663
357.526 368.075 29.0282
439.32 368.075 29.0282
357.526 449.87 29.0282
439.32 449.87 29.0282
521.115 368.075 -52.7663
521.115 449.87 -52.7663
521.115 368.075 29.0282
521.115 449.87 29.0282
357.526 531.664 -52.7663
439.32 531.664 -52.7663
357.526 613.459 -52.7663
357.526 531.664 29.0282
439.32 531.664 29.0282
357.526 613.459 29.0282
1011.88 40.8972 -134.561
1093.68 40.8972 -134.561
1011.88 122.692 -134.561
1093.68 122.692 -134.561
1175.47 40.8972 -134.561
1257.27 40.8972 -134.561
1175.47 122.692 -134.561
1257.27 122.692 -134.561
1093.68 40.8972 -52.7663
1011.88 122.692 -52.7663
1093.68 122.692 -52.7663
1011.88 122.692 29.0282
1093.68 122.692 29.0282
1175.47 122.692 -52.7663
1257.27 122.692 -52.7663
1175.47 122.692 29.0282
1257.27 122.692 29.0282
1011.88 204.486 -52.7663
1093.68 204.486 -52.7663
1011.88 204.486 29.0282
1093.68 204.486 29.0282
1175.47 204.486 -52.7663
1257.27 204.486 -52.7663
1175.47 204.486 29.0282
1257.27 204.486 29.0282
1339.06 40.8972 -134.561
1420.85 40.8972 -134.561
1339.06 122.692 -134.561
1420.85 122.692 -134.561
1502.65 40.8972 -134.561
1584.44 40.8972 -134.561
1502.65 122.692 -134.561
1584.44 122.692 -134.561
1339.06 122.692 -52.7663
1420.85 122.692 -52.7663
1339.06 122.692 29.0282
1420.85 122.692 29.0282
1502.65 122.692 -52.7663
1584.44 122.692 -52.7663
1502.65 122.692 29.0282
1584.44 122.692 29.0282
1339.06 204.486 -52.7663
1420.85 204.486 -52.7663
1339.06 204.486 29.0282
1420.85 204.486 29.0282
1502.65 204.486 -52.7663
1584.44 204.486 -52.7663
1502.65 204.486 29.0282
1584.44 204.486 29.0282
357.526 695.253 -52.7663
357.526 695.253 29.0282
1666.24 40.8972 -134.561
1748.03 40.8972 -134.561
1666.24 122.692 -134.561
1666.24 40.8972 -52.7663
1748.03 40.8972 -52.7663
1666.24 122.692 -52.7663
1748.03 122.692 -52.7663
1666.24 122.692 29.0282
1748.03 122.692 29.0282
1829.83 40.8972 -52.7663
1911.62 40.8972 -52.7663
1829.83 122.692 -52.7663
1829.83 40.8972 29.0282
1911.62 40.8972 29.0282
1829.83 122.692 29.0282
1666.24 204.486 -52.7663
1666.24 204.486 29.0282
1748.03 204.486 29.0282
-542.213 -1431.4 110.823
-542.213 -1349.61 110.823
-460.419 -1431.4 110.823
-378.624 -1431.4 110.823
-460.419 -1349.61 110.823
-378.624 -1349.61 110.823
-296.83 -1431.4 110.823
-215.035 -1431.4 110.823
-296.83 -1349.61 110.823
-215.035 -1349.61 110.823
-133.241 -1431.4 110.823
-133.241 -1349.61 110.823
-1196.57 -531.664 192.617
-1114.77 -531.664 192.617
-1032.98 -531.664 192.617
-1278.36 -449.87 110.823
-1196.57 -449.87 110.823
-1278.36 -449.87 192.617
-1196.57 -449.87 192.617
-1114.77 -449.87 110.823
-1032.98 -449.87 110.823
-1114.77 -449.87 192.617
-1032.98 -449.87 192.617
-1196.57 -531.664 274.412
-1114.77 -531.664 274.412
-1032.98 -531.664 274.412
-1196.57 -449.87 274.412
-1114.77 -449.87 274.412
-1032.98 -449.87 274.412
-1032.98 -122.692 110.823
-1032.98 -40.8973 110.823
-378.624 -1267.81 110.823
-296.83 -1267.81 110.823
-215.035 -1267.81 110.823
-133.241 -1267.81 110.823
-951.186 -531.664 192.617
-869.391 -531.664 192.617
-951.186 -449.87 110.823
-869.391 -449.87 110.823
-951.186 -449.87 192.617
-869.391 -449.87 192.617
-787.597 -449.87 110.823
-951.186 -531.664 274.412
-951.186 -449.87 274.412
-951.186 -204.486 110.823
-869.391 -204.486 110.823
-787.597 -204.486 110.823
-951.186 -122.692 110.823
-869.391 -122.692 110.823
-951.186 -40.8973 110.823
-869.391 -40.8973 110.823
-787.597 -122.692 110.823
-705.802 -122.692 110.823
-787.597 -40.8973 110.823
-378.624 -122.692 110.823
-460.419 -40.8973 110.823
-378.624 -40.8973 110.823
-215.035 -286.281 110.823
-215.035 -286.281 192.617
-296.83 -122.692 110.823
-215.035 -122.692 110.823
-296.83 -40.8973 110.823
-215.035 -40.8973 110.823
-133.241 -122.692 110.823
-51.4464 -122.692 110.823
-133.241 -40.8973 110.823
-51.4464 -40.8973 110.823
-215.035 -286.281 274.412
30.3481 -122.692 110.823
112.143 -122.692 110.823
30.3481 -40.8973 110.823
112.143 -40.8973 110.823
193.937 -122.692 110.823
275.732 -122.692 110.823
193.937 -40.8973 110.823
275.732 -40.8973 110.823
357.526 -122.692 110.823
439.32 -122.692 110.823
357.526 -40.8973 110.823
439.32 -40.8973 110.823
521.115 -122.692 110.823
602.909 -122.692 110.823
521.115 -40.8973 110.823
602.909 -40.8973 110.823
684.704 -122.692 110.823
766.498 -122.692 110.823
684.704 -40.8973 110.823
766.498 -40.8973 110.823
848.293 -122.692 110.823
930.087 -122.692 110.823
848.293 -40.8973 110.823
930.087 -40.8973 110.823
1011.88 -122.692 110.823
1093.68 -122.692 110.823
1011.88 -40.8973 110.823
1093.68 -40.8973 110.823
1175.47 -122.692 110.823
1257.27 -122.692 110.823
1175.47 -40.8973 110.823
1257.27 -40.8973 110.823
1339.06 -122.692 110.823
1420.85 -122.692 110.823
1339.06 -40.8973 110.823
1420.85 -40.8973 110.823
1502.65 -122.692 110.823
1584.44 -122.692 110.823
1502.65 -40.8973 110.823
1584.44 -40.8973 110.823
1666.24 -122.692 110.823
1748.03 -122.692 110.823
1666.24 -40.8973 110.823
1748.03 -40.8973 110.823
1829.83 -40.8973 110.823
-1032.98 40.8972 110.823
-1032.98 122.692 110.823
-1278.36 449.87 110.823
-1196.57 449.87 110.823
-1278.36 449.87 192.617
-1196.57 449.87 192.617
-1114.77 449.87 110.823
-1032.98 449.87 110.823
-1114.77 449.87 192.617
-1032.98 449.87 192.617
-1196.57 531.664 192.617
-1114.77 531.664 192.617
-1032.98 531.664 192.617
-1196.57 449.87 274.412
-1114.77 449.87 274.412
-1032.98 449.87 274.412
-1196.57 531.664 274.412
-1114.77 531.664 274.412
-1032.98 531.664 274.412
-951.186 40.8972 110.823
-869.391 40.8972 110.823
-951.186 122.692 110.823
-869.391 122.692 110.823
-787.597 40.8972 110.823
-787.597 122.692 110.823
-705.802 122.692 110.823
-951.186 204.486 110.823
-869.391 204.486 110.823
-787.597 204.486 110.823
-460.419 40.8972 110.823
-378.624 40.8972 110.823
-378.624 122.692 110.823
-951.186 449.87 110.823
-869.391 449.87 110.823
-951.186 449.87 192.617
-869.391 449.87 192.617
-787.597 449.87 110.823
-951.186 531.664 192.617
-869.391 531.664 192.617
-951.186 449.87 274.412
-951.186 531.664 274.412
-296.83 40.8972 110.823
-215.035 40.8972 110.823
-296.83 122.692 110.823
-215.035 122.692 110.823
-133.241 40.8972 110.823
-51.4464 40.8972 110.823
-133.241 122.692 110.823
-51.4464 122.692 110.823
-215.035 286.281 110.823
30.3481 40.8972 110.823
112.143 40.8972 110.823
30.3481 122.692 110.823
112.143 122.692 110.823
193.937 40.8972 110.823
275.732 40.8972 110.823
193.937 122.692 110.823
275.732 122.692 110.823
-378.624 1267.81 110.823
-296.83 1267.81 110.823
-215.035 1267.81 110.823
-133.241 1267.81 110.823
-542.213 1349.61 110.823
-542.213 1431.4 110.823
-460.419 1349.61 110.823
-378.624 1349.61 110.823
-460.419 1431.4 110.823
-378.624 1431.4 110.823
-296.83 1349.61 110.823
-215.035 1349.61 110.823
-296.83 1431.4 110.823
-215.035 1431.4 110.823
-133.241 1349.61 110.823
-133.241 1431.4 110.823
357.526 40.8972 110.823
439.32 40.8972 110.823
357.526 122.692 110.823
439.32 122.692 110.823
521.115 40.8972 110.823
602.909 40.8972 110.823
521.115 122.692 110.823
602.909 122.692 110.823
684.704 40.8972 110.823
766.498 40.8972 110.823
684.704 122.692 110.823
766.498 122.692 110.823
848.293 40.8972 110.823
930.087 40.8972 110.823
848.293 122.692 110.823
930.087 122.692 110.823
1011.88 40.8972 110.823
1093.68 40.8972 110.823
1011.88 122.692 110.823
1093.68 122.692 110.823
1175.47 40.8972 110.823
1257.27 40.8972 110.823
1175.47 122.692 110.823
1257.27 122.692 110.823
1339.06 40.8972 110.823
1420.85 40.8972 110.823
1339.06 122.692 110.823
1420.85 122.692 110.823
1502.65 40.8972 110.823
1584.44 40.8972 110.823
1502.65 122.692 110.823
1584.44 122.692 110.823
1666.24 40.8972 110.823
1748.03 40.8972 110.823
1666.24 122.692 110.823
1748.03 122.692 110.823
1829.83 40.8972 110.823
