-583.111 -1390.51 -11.869
-419.522 -1390.51 -11.869
-255.933 -1390.51 -11.869
-92.3437 -1390.51 -11.869
-1237.47 -408.972 -175.458
-1073.88 -408.972 -175.458
-1237.47 -408.972 -11.869
-1073.88 -408.972 -11.869
-1237.47 -245.384 -11.869
-1073.88 -245.384 -11.869
-1237.47 -81.7945 -11.869
-1073.88 -81.7945 -11.869
-419.522 -1226.92 -11.869
-419.522 -1063.33 -11.869
-419.522 -899.739 -11.869
-419.522 -736.15 -11.869
-255.933 -1226.92 -11.869
-92.3437 -1226.92 -11.869
-255.933 -1063.33 -11.869
-92.3437 -1063.33 -11.869
71.2453 -1226.92 -11.869
71.2453 -1063.33 -11.869
-255.933 -899.739 -11.869
-92.3437 -899.739 -11.869
-255.933 -736.15 -11.869
-92.3437 -736.15 -11.869
71.2453 -899.739 -11.869
234.834 -899.739 -11.869
71.2453 -736.15 -11.869
234.834 -736.15 -11.869
-910.289 -408.972 -175.458
-746.7 -408.972 -175.458
-910.289 -408.972 -11.869
-746.7 -408.972 -11.869
-419.522 -572.561 -11.869
-583.111 -408.972 -11.869
-419.522 -408.972 -11.869
-910.289 -245.384 -11.869
-746.7 -245.384 -11.869
-910.289 -81.7945 -11.869
-746.7 -81.7945 -11.869
-583.111 -81.7945 -175.458
-419.522 -81.7945 -175.458
-583.111 -245.384 -11.869
-419.522 -245.384 -11.869
-583.111 -81.7945 -11.869
-419.522 -81.7945 -11.869
-255.933 -572.561 -11.869
-92.3437 -572.561 -11.869
-255.933 -408.972 -11.869
-92.3437 -408.972 -11.869
71.2453 -572.561 -11.869
234.834 -572.561 -11.869
71.2453 -408.972 -11.869
234.834 -408.972 -11.869
-255.933 -81.7945 -175.458
-92.3437 -81.7945 -175.458
-255.933 -245.384 -11.869
-92.3437 -245.384 -11.869
-255.933 -81.7945 -11.869
-92.3437 -81.7945 -11.869
71.2453 -81.7945 -175.458
234.834 -81.7945 -175.458
71.2453 -245.384 -11.869
234.834 -245.384 -11.869
71.2453 -81.7945 -11.869
234.834 -81.7945 -11.869
398.423 -736.15 -11.869
398.423 -572.561 -11.869
562.012 -572.561 -11.869
398.423 -408.972 -11.869
562.012 -408.972 -11.869
398.423 -81.7945 -175.458
562.012 -81.7945 -175.458
398.423 -245.384 -11.869
562.012 -245.384 -11.869
398.423 -81.7945 -11.869
562.012 -81.7945 -11.869
725.601 -81.7945 -175.458
889.19 -81.7945 -175.458
725.601 -245.384 -11.869
889.19 -245.384 -11.869
725.601 -81.7945 -11.869
889.19 -81.7945 -11.869
1052.78 -81.7945 -175.458
1216.37 -81.7945 -175.458
1052.78 -245.384 -11.869
1216.37 -245.384 -11.869
1052.78 -81.7945 -11.869
1216.37 -81.7945 -11.869
1379.96 -81.7945 -175.458
1543.55 -81.7945 -175.458
1379.96 -245.384 -11.869
1543.55 -245.384 -11.869
1379.96 -81.7945 -11.869
1543.55 -81.7945 -11.869
1707.14 -81.7945 -175.458
1707.14 -245.384 -11.869
1707.14 -81.7945 -11.869
1870.72 -81.7945 -11.869
-1237.47 81.7944 -11.869
-1073.88 81.7944 -11.869
-1237.47 245.383 -11.869
-1073.88 245.383 -11.869
-1237.47 408.972 -175.458
-1073.88 408.972 -175.458
-1237.47 408.972 -11.869
-1073.88 408.972 -11.869
-910.289 81.7944 -11.869
-746.7 81.7944 -11.869
-910.289 245.383 -11.869
-746.7 245.383 -11.869
-583.111 81.7944 -175.458
-419.522 81.7944 -175.458
-583.111 81.7944 -11.869
-419.522 81.7944 -11.869
-583.111 245.383 -11.869
-419.522 245.383 -11.869
-910.289 408.972 -175.458
-746.7 408.972 -175.458
-910.289 408.972 -11.869
-746.7 408.972 -11.869
-583.111 408.972 -11.869
-419.522 408.972 -11.869
-419.522 572.561 -11.869
-255.933 81.7944 -175.458
-92.3437 81.7944 -175.458
-255.933 81.7944 -11.869
-92.3437 81.7944 -11.869
-255.933 245.383 -11.869
-92.3437 245.383 -11.869
71.2453 81.7944 -175.458
234.834 81.7944 -175.458
71.2453 81.7944 -11.869
234.834 81.7944 -11.869
71.2453 245.383 -11.869
234.834 245.383 -11.869
-255.933 408.972 -11.869
-92.3437 408.972 -11.869
-255.933 572.561 -11.869
-92.3437 572.561 -11.869
71.2453 408.972 -11.869
234.834 408.972 -11.869
71.2453 572.561 -11.869
234.834 572.561 -11.869
-419.522 736.15 -11.869
-419.522 899.739 -11.869
-419.522 1063.33 -11.869
-419.522 1226.92 -11.869
-255.933 736.15 -11.869
-92.3437 736.15 -11.869
-255.933 899.739 -11.869
-92.3437 899.739 -11.869
71.2453 736.15 -11.869
234.834 736.15 -11.869
71.2453 899.739 -11.869
234.834 899.739 -11.869
-255.933 1063.33 -11.869
-92.3437 1063.33 -11.869
-255.933 1226.92 -11.869
-92.3437 1226.92 -11.869
71.2453 1063.33 -11.869
71.2453 1226.92 -11.869
-583.111 1390.51 -11.869
-419.522 1390.51 -11.869
-255.933 1390.51 -11.869
-92.3437 1390.51 -11.869
398.423 81.7944 -175.458
562.012 81.7944 -175.458
398.423 81.7944 -11.869
562.012 81.7944 -11.869
398.423 245.383 -11.869
562.012 245.383 -11.869
725.601 81.7944 -175.458
889.19 81.7944 -175.458
725.601 81.7944 -11.869
889.19 81.7944 -11.869
725.601 245.383 -11.869
889.19 245.383 -11.869
398.423 408.972 -11.869
562.012 408.972 -11.869
398.423 572.561 -11.869
1052.78 81.7944 -175.458
1216.37 81.7944 -175.458
1052.78 81.7944 -11.869
1216.37 81.7944 -11.869
1052.78 245.383 -11.869
1216.37 245.383 -11.869
1379.96 81.7944 -175.458
1543.55 81.7944 -175.458
1379.96 81.7944 -11.869
1543.55 81.7944 -11.869
1379.96 245.383 -11.869
1543.55 245.383 -11.869
398.423 736.15 -11.869
1707.14 81.7944 -175.458
1707.14 81.7944 -11.869
1870.72 81.7944 -11.869
1707.14 245.383 -11.869
-583.111 -1390.51 151.72
-419.522 -1390.51 151.72
-255.933 -1390.51 151.72
-92.3437 -1390.51 151.72
-1237.47 -572.561 151.72
-1073.88 -572.561 151.72
-1237.47 -408.972 151.72
-1073.88 -408.972 151.72
-1237.47 -572.561 315.309
-1073.88 -572.561 315.309
-1237.47 -408.972 315.309
-1073.88 -408.972 315.309
-1073.88 -81.7945 151.72
-419.522 -1226.92 151.72
-255.933 -1226.92 151.72
-92.3437 -1226.92 151.72
-910.289 -572.561 151.72
-910.289 -408.972 151.72
-746.7 -408.972 151.72
-910.289 -572.561 315.309
-910.289 -408.972 315.309
-910.289 -245.384 151.72
-746.7 -245.384 151.72
-910.289 -81.7945 151.72
-746.7 -81.7945 151.72
-419.522 -81.7945 151.72
-255.933 -245.384 151.72
-255.933 -81.7945 151.72
-92.3437 -81.7945 151.72
-255.933 -245.384 315.309
71.2453 -81.7945 151.72
234.834 -81.7945 151.72
398.423 -81.7945 151.72
562.012 -81.7945 151.72
725.601 -81.7945 151.72
889.19 -81.7945 151.72
1052.78 -81.7945 151.72
1216.37 -81.7945 151.72
1379.96 -81.7945 151.72
1543.55 -81.7945 151.72
1707.14 -81.7945 151.72
1870.72 -81.7945 151.72
-1073.88 81.7944 151.72
-1237.47 408.972 151.72
-1073.88 408.972 151.72
-1237.47 572.561 151.72
-1073.88 572.561 151.72
-1237.47 408.972 315.309
-1073.88 408.972 315.309
-1237.47 572.561 315.309
-1073.88 572.561 315.309
-910.289 81.7944 151.72
-746.7 81.7944 151.72
-910.289 245.383 151.72
-746.7 245.383 151.72
-419.522 81.7944 151.72
-910.289 408.972 151.72
-746.7 408.972 151.72
-910.289 572.561 151.72
-910.289 408.972 315.309
-910.289 572.561 315.309
-255.933 81.7944 151.72
-92.3437 81.7944 151.72
-255.933 245.383 151.72
71.2453 81.7944 151.72
234.834 81.7944 151.72
-419.522 1226.92 151.72
-255.933 1226.92 151.72
-92.3437 1226.92 151.72
-583.111 1390.51 151.72
-419.522 1390.51 151.72
-255.933 1390.51 151.72
-92.3437 1390.51 151.72
398.423 81.7944 151.72
562.012 81.7944 151.72
725.601 81.7944 151.72
889.19 81.7944 151.72
1052.78 81.7944 151.72
1216.37 81.7944 151.72
1379.96 81.7944 151.72
1543.55 81.7944 151.72
1707.14 81.7944 151.72
1870.72 81.7944 151.72
